1 0.999097 0.000067
51 0.998335 0.000042
101 0.997595 0.000027
151 0.996854 0.000016
201 0.996113 0.000010
251 0.995374 0.000005
301 0.994633 0.000004
351 0.993894 0.000002
401 0.993156 0.000001
451 0.992418 0.000001
501 0.991682 0.000001
551 0.990947 0.000001
601 0.990212 0.000000
651 0.989479 0.000000
701 0.988747 0.000000
751 0.988015 0.000000
801 0.987284 0.000000
851 0.986554 0.000000
901 0.985826 0.000000
951 0.985097 0.000000
1001 0.984371 0.000000
1051 0.983644 0.000000
1101 0.982919 0.000000
1151 0.982195 0.000000
1201 0.981471 0.000000
1251 0.980749 0.000000
1301 0.980027 0.000000
1351 0.979306 0.000000
1401 0.978586 0.000000
1451 0.977868 0.000000
1501 0.977149 0.000000
1551 0.976432 0.000000
1601 0.975716 0.000000
1651 0.975001 0.000000
1701 0.974286 0.000000
1751 0.973572 0.000000
1801 0.972860 0.000000
1851 0.972148 0.000000
1901 0.971437 0.000000
1951 0.970727 0.000000
