1 0.998697 0.000084
51 0.997050 0.000129
101 0.995311 0.000180
151 0.993721 0.000200
201 0.991951 0.000247
251 0.990470 0.000251
301 0.988588 0.000279
351 0.986894 0.000295
401 0.985275 0.000342
451 0.983661 0.000356
501 0.982170 0.000364
551 0.980483 0.000394
601 0.978802 0.000380
651 0.977320 0.000411
701 0.975740 0.000409
751 0.974305 0.000442
801 0.972426 0.000436
851 0.970519 0.000487
901 0.968973 0.000454
951 0.967304 0.000507
1001 0.965865 0.000524
1051 0.964528 0.000494
1101 0.962233 0.000552
1151 0.961072 0.000531
1201 0.959284 0.000520
1251 0.958045 0.000564
1301 0.956514 0.000566
1351 0.954569 0.000566
1401 0.953017 0.000541
1451 0.951259 0.000567
1501 0.949778 0.000629
1551 0.948528 0.000648
1601 0.946982 0.000634
1651 0.945661 0.000672
1701 0.943996 0.000588
1751 0.942210 0.000694
1801 0.940595 0.000661
1851 0.938846 0.000615
1901 0.937430 0.000630
1951 0.935900 0.000664
