1 0.999002 0.000078
51 0.998247 0.000042
101 0.997485 0.000024
151 0.996729 0.000016
201 0.995981 0.000010
251 0.995234 0.000006
301 0.994483 0.000003
351 0.993740 0.000002
401 0.992994 0.000001
451 0.992250 0.000001
501 0.991506 0.000001
551 0.990764 0.000001
601 0.990021 0.000001
651 0.989281 0.000001
701 0.988541 0.000001
751 0.987803 0.000001
801 0.987064 0.000001
851 0.986327 0.000001
901 0.985591 0.000001
951 0.984856 0.000001
1001 0.984121 0.000001
1051 0.983388 0.000001
1101 0.982656 0.000001
1151 0.981924 0.000001
1201 0.981194 0.000001
1251 0.980464 0.000001
1301 0.979736 0.000001
1351 0.979007 0.000001
1401 0.978281 0.000001
1451 0.977555 0.000001
1501 0.976829 0.000001
1551 0.976106 0.000001
1601 0.975382 0.000001
1651 0.974660 0.000001
1701 0.973939 0.000001
1751 0.973218 0.000001
1801 0.972498 0.000001
1851 0.971780 0.000001
1901 0.971062 0.000001
1951 0.970345 0.000001
