1 0.999096 0.000422
6 0.999272 0.000825
11 0.999056 0.000405
16 0.999409 0.000397
21 0.999379 0.000384
26 0.999173 0.000000
31 0.998977 0.000360
36 0.999124 0.000719
41 0.999100 0.000001
46 0.999239 0.000344
51 0.999212 0.000334
56 0.999181 0.000328
61 0.999004 0.000003
66 0.998831 0.000313
71 0.998814 0.000311
76 0.998934 0.000009
81 0.998772 0.000297
86 0.999019 0.000273
91 0.998727 0.000275
96 0.998963 0.000276
101 0.998936 0.000268
106 0.998787 0.000001
111 0.998645 0.000250
116 0.998624 0.000253
121 0.998602 0.000249
126 0.998584 0.000238
131 0.998772 0.000228
136 0.998641 0.000000
141 0.998722 0.000218
146 0.998593 0.000002
151 0.998465 0.000213
156 0.998645 0.000204
161 0.998522 0.000011
166 0.998589 0.000200
171 0.998379 0.000187
176 0.998448 0.000372
181 0.998513 0.000189
186 0.998314 0.000177
191 0.998291 0.000170
196 0.998348 0.000342
