1 0.998375 0.000059
51 0.997421 0.000079
101 0.996385 0.000098
151 0.995362 0.000111
201 0.994306 0.000126
251 0.993281 0.000139
301 0.992363 0.000151
351 0.991359 0.000157
401 0.990361 0.000162
451 0.989377 0.000182
501 0.988362 0.000179
551 0.987451 0.000196
601 0.986391 0.000199
651 0.985469 0.000208
701 0.984402 0.000214
751 0.983517 0.000219
801 0.982390 0.000235
851 0.981662 0.000220
901 0.980589 0.000235
951 0.979617 0.000250
1001 0.978631 0.000259
1051 0.977466 0.000256
1101 0.976624 0.000259
1151 0.975621 0.000271
1201 0.974805 0.000275
1251 0.973811 0.000282
1301 0.972729 0.000276
1351 0.971789 0.000283
1401 0.970802 0.000280
1451 0.969952 0.000303
1501 0.968899 0.000309
1551 0.967997 0.000306
1601 0.966886 0.000307
1651 0.966045 0.000327
1701 0.964915 0.000333
1751 0.964123 0.000314
1801 0.962954 0.000324
1851 0.962050 0.000331
1901 0.961251 0.000335
1951 0.960225 0.000344
