1 0.998156 0.000192
11 0.996892 0.000199
21 0.995857 0.000233
31 0.994751 0.000234
41 0.993771 0.000247
51 0.992555 0.000251
61 0.991591 0.000273
71 0.990303 0.000287
81 0.989373 0.000292
91 0.988279 0.000310
101 0.987218 0.000324
111 0.986026 0.000340
121 0.984888 0.000346
131 0.983869 0.000344
141 0.983052 0.000359
151 0.981890 0.000359
161 0.980844 0.000353
171 0.979779 0.000376
181 0.978753 0.000376
191 0.977704 0.000399
201 0.976432 0.000390
211 0.975402 0.000407
221 0.974634 0.000401
231 0.973662 0.000446
241 0.972468 0.000424
251 0.971393 0.000436
261 0.970481 0.000449
271 0.969398 0.000464
281 0.968123 0.000442
291 0.967268 0.000456
301 0.966269 0.000478
311 0.965181 0.000488
321 0.964198 0.000476
331 0.963092 0.000473
341 0.961971 0.000465
351 0.961051 0.000495
361 0.960269 0.000498
371 0.958860 0.000480
381 0.957991 0.000500
391 0.956991 0.000514
401 0.956067 0.000522
411 0.954854 0.000516
421 0.954291 0.000524
431 0.953044 0.000539
441 0.952023 0.000513
451 0.950968 0.000519
461 0.950005 0.000521
471 0.948911 0.000552
481 0.947973 0.000534
491 0.947260 0.000532
501 0.945668 0.000550
511 0.945119 0.000568
521 0.943879 0.000549
531 0.942885 0.000560
541 0.942366 0.000573
551 0.941020 0.000557
561 0.940128 0.000564
571 0.939600 0.000598
581 0.938774 0.000574
591 0.937269 0.000605
601 0.936723 0.000606
611 0.935545 0.000575
621 0.934483 0.000609
631 0.933527 0.000595
641 0.932851 0.000610
651 0.932076 0.000608
661 0.930447 0.000600
671 0.929758 0.000601
681 0.928433 0.000602
691 0.928013 0.000626
701 0.927109 0.000627
711 0.926191 0.000637
721 0.924709 0.000646
731 0.923899 0.000655
741 0.922927 0.000604
751 0.922638 0.000662
761 0.921775 0.000639
771 0.920684 0.000625
781 0.919240 0.000656
791 0.918769 0.000662
801 0.917868 0.000649
811 0.917174 0.000656
821 0.916034 0.000691
831 0.914852 0.000645
841 0.913785 0.000652
851 0.913048 0.000644
861 0.912116 0.000674
871 0.911082 0.000657
881 0.910337 0.000665
891 0.909347 0.000703
901 0.908481 0.000668
911 0.907649 0.000690
921 0.906494 0.000720
931 0.905768 0.000701
941 0.905017 0.000694
951 0.904098 0.000686
961 0.903113 0.000717
971 0.902339 0.000714
981 0.901363 0.000720
991 0.900774 0.000678
1001 0.899639 0.000680
1011 0.898542 0.000726
1021 0.898141 0.000723
1031 0.897050 0.000700
1041 0.896014 0.000712
1051 0.895020 0.000719
1061 0.894546 0.000726
1071 0.893637 0.000688
1081 0.892847 0.000719
1091 0.891952 0.000736
1101 0.891407 0.000753
1111 0.890179 0.000740
1121 0.889411 0.000716
1131 0.888336 0.000698
1141 0.887611 0.000703
1151 0.886500 0.000753
1161 0.885955 0.000706
1171 0.885374 0.000741
1181 0.884130 0.000723
1191 0.883054 0.000742
1201 0.882057 0.000704
1211 0.881881 0.000752
1221 0.880415 0.000772
1231 0.880224 0.000727
1241 0.879223 0.000763
1251 0.877960 0.000759
1261 0.877380 0.000766
1271 0.876428 0.000796
1281 0.875688 0.000770
1291 0.874621 0.000774
1301 0.874086 0.000768
1311 0.873562 0.000755
1321 0.872467 0.000748
1331 0.871465 0.000786
1341 0.871091 0.000791
1351 0.869932 0.000769
1361 0.868820 0.000732
1371 0.868334 0.000755
1381 0.867622 0.000776
1391 0.866516 0.000788
1401 0.865934 0.000757
1411 0.864968 0.000739
1421 0.864459 0.000758
1431 0.863158 0.000714
1441 0.862838 0.000785
1451 0.862252 0.000761
1461 0.861238 0.000762
1471 0.860501 0.000816
1481 0.859534 0.000795
1491 0.859127 0.000793
1501 0.857649 0.000790
1511 0.857518 0.000765
1521 0.856967 0.000789
1531 0.856018 0.000800
1541 0.854713 0.000814
1551 0.854469 0.000815
1561 0.853344 0.000800
1571 0.852602 0.000750
1581 0.851639 0.000736
1591 0.851181 0.000823
1601 0.850178 0.000793
1611 0.849880 0.000798
1621 0.848430 0.000784
1631 0.847694 0.000789
1641 0.847031 0.000751
1651 0.846159 0.000800
1661 0.845572 0.000827
1671 0.844450 0.000852
1681 0.844242 0.000828
1691 0.842792 0.000811
1701 0.842816 0.000795
1711 0.841693 0.000826
1721 0.840739 0.000808
1731 0.840612 0.000806
1741 0.839469 0.000822
1751 0.838532 0.000843
1761 0.837947 0.000774
1771 0.837285 0.000843
1781 0.836308 0.000799
1791 0.835770 0.000843
1801 0.835057 0.000808
1811 0.834409 0.000796
1821 0.833540 0.000820
1831 0.832675 0.000834
1841 0.831903 0.000833
1851 0.831430 0.000805
1861 0.831131 0.000830
1871 0.829881 0.000801
1881 0.828910 0.000828
1891 0.828417 0.000841
1901 0.827760 0.000869
1911 0.826839 0.000870
1921 0.826067 0.000820
1931 0.825640 0.000829
1941 0.825236 0.000803
1951 0.824591 0.000796
1961 0.823795 0.000860
1971 0.822409 0.000790
1981 0.822400 0.000822
1991 0.821111 0.000835
