1 0.998070
5 0.997879
9 0.997442
13 0.997285
17 0.996943
21 0.996893
25 0.996600
29 0.996338
33 0.995911
37 0.995847
41 0.995615
45 0.995357
49 0.995174
53 0.994861
57 0.994738
61 0.994315
65 0.994321
69 0.993851
73 0.993713
77 0.993504
81 0.993266
85 0.992904
89 0.992825
93 0.992481
97 0.992399
101 0.992170
105 0.991752
109 0.991607
113 0.991385
117 0.991121
121 0.990953
125 0.990510
129 0.990365
133 0.990228
137 0.989917
141 0.989678
145 0.989558
149 0.989102
153 0.988981
157 0.988775
161 0.988587
165 0.988299
169 0.988004
173 0.987877
177 0.987557
181 0.987314
185 0.987188
189 0.986984
193 0.986801
197 0.986441
201 0.986202
205 0.985848
209 0.985739
213 0.985569
217 0.985271
221 0.984951
225 0.984734
229 0.984670
233 0.984309
237 0.984187
241 0.983818
245 0.983653
249 0.983490
253 0.983120
257 0.982957
261 0.982787
265 0.982475
269 0.982288
273 0.982031
277 0.981708
281 0.981675
285 0.981279
289 0.981100
293 0.980964
297 0.980491
301 0.980429
305 0.980207
309 0.979813
313 0.979827
317 0.979583
321 0.979251
325 0.978878
329 0.978657
333 0.978519
337 0.978483
341 0.977902
345 0.977853
349 0.977675
353 0.977427
357 0.977186
361 0.976867
365 0.976699
369 0.976436
373 0.976196
377 0.975807
381 0.976009
385 0.975549
389 0.975333
393 0.975115
397 0.974808
