1 0.997860 0.000187
31 0.997783 0.000187
61 0.997470 0.000194
91 0.997067 0.000183
121 0.996744 0.000188
151 0.996467 0.000195
181 0.996208 0.000199
211 0.995975 0.000190
241 0.995607 0.000189
271 0.995344 0.000189
301 0.994982 0.000196
331 0.994722 0.000198
361 0.994396 0.000194
391 0.994230 0.000187
421 0.993813 0.000193
451 0.993517 0.000207
481 0.993134 0.000197
511 0.993004 0.000196
541 0.992640 0.000201
571 0.992258 0.000201
601 0.992049 0.000197
631 0.991734 0.000199
661 0.991527 0.000192
691 0.991146 0.000191
721 0.990806 0.000188
751 0.990477 0.000202
781 0.990291 0.000200
811 0.989985 0.000202
841 0.989733 0.000191
871 0.989422 0.000203
901 0.989179 0.000193
931 0.988861 0.000198
961 0.988671 0.000192
991 0.988210 0.000197
1021 0.987918 0.000206
1051 0.987567 0.000195
1081 0.987371 0.000206
1111 0.987034 0.000211
1141 0.986614 0.000199
1171 0.986530 0.000200
1201 0.986245 0.000206
1231 0.985840 0.000213
1261 0.985529 0.000207
1291 0.985230 0.000195
1321 0.985057 0.000215
1351 0.984651 0.000208
1381 0.984412 0.000200
1411 0.984169 0.000208
1441 0.983901 0.000200
1471 0.983594 0.000209
1501 0.983270 0.000203
1531 0.983007 0.000214
1561 0.982719 0.000208
1591 0.982383 0.000208
1621 0.982142 0.000199
1651 0.981922 0.000202
1681 0.981558 0.000206
1711 0.981210 0.000205
1741 0.980844 0.000207
1771 0.980533 0.000214
1801 0.980539 0.000203
1831 0.980044 0.000211
1861 0.979773 0.000202
1891 0.979600 0.000207
1921 0.979275 0.000210
1951 0.978869 0.000211
1981 0.978629 0.000213
2011 0.978466 0.000204
2041 0.978126 0.000208
2071 0.977940 0.000218
2101 0.977369 0.000212
2131 0.977382 0.000213
2161 0.977019 0.000223
2191 0.976667 0.000204
2221 0.976373 0.000203
2251 0.976062 0.000209
2281 0.975939 0.000216
2311 0.975595 0.000218
2341 0.975163 0.000222
2371 0.974928 0.000216
2401 0.974612 0.000212
2431 0.974433 0.000207
2461 0.974177 0.000214
2491 0.973989 0.000227
2521 0.973577 0.000208
2551 0.973287 0.000214
2581 0.973070 0.000210
2611 0.972662 0.000212
2641 0.972442 0.000221
2671 0.972022 0.000214
2701 0.971884 0.000210
2731 0.971555 0.000221
2761 0.971272 0.000214
2791 0.970834 0.000234
2821 0.970621 0.000230
2851 0.970388 0.000216
2881 0.970389 0.000221
2911 0.969895 0.000220
2941 0.969632 0.000219
2971 0.969297 0.000218
3001 0.969084 0.000223
3031 0.968743 0.000208
3061 0.968368 0.000212
3091 0.968142 0.000221
3121 0.967863 0.000215
3151 0.967557 0.000231
3181 0.967204 0.000225
3211 0.966900 0.000227
3241 0.966936 0.000220
3271 0.966511 0.000222
3301 0.966158 0.000223
3331 0.966041 0.000225
3361 0.965655 0.000223
3391 0.965368 0.000222
3421 0.965112 0.000220
3451 0.964736 0.000220
3481 0.964547 0.000216
3511 0.964342 0.000229
3541 0.964073 0.000211
3571 0.963836 0.000219
3601 0.963388 0.000228
3631 0.963148 0.000223
3661 0.962870 0.000222
3691 0.962494 0.000224
3721 0.962194 0.000227
3751 0.961972 0.000225
3781 0.961709 0.000233
3811 0.961461 0.000225
3841 0.961150 0.000235
3871 0.960796 0.000232
3901 0.960591 0.000222
3931 0.960223 0.000226
3961 0.959960 0.000224
3991 0.959935 0.000231
4021 0.959395 0.000230
4051 0.959233 0.000221
4081 0.958961 0.000231
4111 0.958693 0.000223
4141 0.958268 0.000224
4171 0.958138 0.000221
4201 0.957879 0.000224
4231 0.957541 0.000236
4261 0.957351 0.000229
4291 0.956993 0.000238
4321 0.956679 0.000224
4351 0.956590 0.000239
4381 0.956234 0.000219
4411 0.956151 0.000225
4441 0.955630 0.000247
4471 0.955426 0.000240
4501 0.955155 0.000237
4531 0.954935 0.000236
4561 0.954651 0.000245
4591 0.954292 0.000225
4621 0.954044 0.000234
4651 0.953786 0.000235
4681 0.953469 0.000244
4711 0.953104 0.000240
4741 0.952944 0.000228
4771 0.952728 0.000240
4801 0.952432 0.000236
4831 0.952297 0.000231
4861 0.951795 0.000234
4891 0.951544 0.000235
4921 0.951243 0.000240
4951 0.951015 0.000233
4981 0.950815 0.000230
5011 0.950451 0.000227
5041 0.950309 0.000237
5071 0.949943 0.000230
5101 0.949767 0.000237
5131 0.949472 0.000234
5161 0.949213 0.000234
5191 0.949148 0.000227
5221 0.948662 0.000234
5251 0.948224 0.000241
5281 0.948200 0.000236
5311 0.947864 0.000232
5341 0.947569 0.000241
5371 0.947288 0.000230
5401 0.947060 0.000247
5431 0.946768 0.000239
5461 0.946473 0.000236
5491 0.946168 0.000247
5521 0.946032 0.000242
5551 0.945609 0.000239
5581 0.945380 0.000234
5611 0.945304 0.000245
5641 0.944951 0.000236
5671 0.944649 0.000247
5701 0.944267 0.000225
5731 0.944149 0.000235
5761 0.943880 0.000233
5791 0.943611 0.000226
5821 0.943287 0.000242
5851 0.943157 0.000217
5881 0.942663 0.000238
5911 0.942545 0.000254
5941 0.942245 0.000243
5971 0.941872 0.000245
