1 0.998043 0.000175
2 0.998083 0.000175
3 0.997962 0.000171
4 0.997958 0.000178
5 0.998027 0.000171
6 0.997921 0.000174
7 0.997873 0.000177
8 0.997993 0.000171
9 0.997939 0.000167
10 0.997932 0.000167
11 0.997819 0.000176
12 0.998013 0.000172
13 0.997776 0.000169
14 0.997923 0.000172
15 0.997868 0.000173
16 0.997776 0.000175
17 0.997868 0.000174
18 0.997834 0.000175
19 0.997890 0.000171
20 0.997656 0.000171
21 0.997763 0.000170
22 0.997745 0.000181
23 0.997731 0.000179
24 0.997802 0.000164
25 0.997784 0.000181
26 0.997782 0.000166
27 0.997757 0.000170
28 0.997747 0.000170
29 0.997707 0.000172
30 0.997711 0.000173
31 0.997663 0.000176
32 0.997734 0.000174
33 0.997644 0.000177
34 0.997637 0.000179
35 0.997782 0.000173
36 0.997630 0.000178
37 0.997623 0.000176
38 0.997645 0.000172
39 0.997591 0.000167
40 0.997584 0.000172
41 0.997613 0.000177
42 0.997653 0.000174
43 0.997524 0.000178
44 0.997562 0.000173
45 0.997530 0.000171
46 0.997608 0.000178
47 0.997561 0.000170
48 0.997465 0.000175
49 0.997536 0.000179
50 0.997481 0.000175
51 0.997571 0.000178
52 0.997502 0.000164
53 0.997542 0.000167
54 0.997364 0.000180
55 0.997313 0.000172
56 0.997531 0.000182
57 0.997316 0.000173
58 0.997414 0.000179
59 0.997429 0.000174
60 0.997358 0.000172
61 0.997360 0.000173
62 0.997491 0.000170
63 0.997457 0.000169
64 0.997351 0.000170
65 0.997315 0.000176
66 0.997271 0.000175
67 0.997356 0.000175
68 0.997280 0.000173
69 0.997295 0.000172
70 0.997370 0.000174
71 0.997362 0.000174
72 0.997266 0.000175
73 0.997243 0.000173
74 0.997365 0.000173
75 0.997213 0.000176
76 0.997247 0.000168
77 0.997209 0.000177
78 0.997275 0.000170
79 0.997240 0.000173
80 0.997207 0.000179
81 0.997136 0.000174
82 0.997197 0.000176
83 0.997073 0.000170
84 0.997149 0.000182
85 0.997205 0.000174
86 0.997202 0.000171
87 0.997163 0.000175
88 0.997158 0.000172
89 0.997210 0.000175
90 0.997132 0.000175
91 0.997073 0.000171
92 0.997072 0.000169
93 0.997112 0.000173
94 0.997141 0.000176
95 0.997089 0.000174
96 0.997161 0.000178
97 0.997002 0.000173
98 0.997211 0.000175
99 0.997005 0.000172
100 0.997045 0.000167
101 0.997102 0.000171
102 0.996967 0.000171
103 0.996903 0.000171
104 0.997111 0.000176
105 0.996992 0.000174
106 0.996978 0.000172
107 0.996950 0.000171
108 0.996932 0.000174
109 0.996923 0.000172
110 0.996870 0.000178
111 0.996971 0.000166
112 0.997003 0.000175
113 0.996954 0.000175
114 0.996841 0.000173
115 0.996870 0.000171
116 0.996843 0.000178
117 0.996776 0.000171
118 0.996769 0.000180
119 0.996784 0.000174
120 0.996857 0.000170
121 0.996817 0.000177
122 0.996711 0.000174
123 0.996755 0.000169
124 0.996803 0.000176
125 0.996741 0.000178
126 0.996887 0.000179
127 0.996633 0.000174
128 0.996634 0.000173
129 0.996605 0.000174
130 0.996713 0.000171
131 0.996748 0.000172
132 0.996750 0.000176
133 0.996677 0.000174
134 0.996538 0.000179
135 0.996630 0.000176
136 0.996629 0.000176
137 0.996558 0.000175
138 0.996624 0.000167
139 0.996639 0.000175
140 0.996559 0.000181
141 0.996506 0.000179
142 0.996527 0.000168
143 0.996638 0.000171
144 0.996599 0.000177
145 0.996533 0.000175
146 0.996526 0.000177
147 0.996537 0.000175
148 0.996553 0.000172
149 0.996377 0.000170
150 0.996592 0.000172
151 0.996439 0.000173
152 0.996513 0.000170
153 0.996490 0.000172
154 0.996407 0.000174
155 0.996467 0.000174
156 0.996513 0.000173
157 0.996407 0.000175
158 0.996430 0.000174
159 0.996537 0.000171
160 0.996337 0.000179
161 0.996488 0.000176
162 0.996330 0.000173
163 0.996430 0.000172
164 0.996400 0.000175
165 0.996350 0.000175
166 0.996365 0.000175
167 0.996165 0.000166
168 0.996362 0.000175
169 0.996347 0.000182
170 0.996309 0.000178
171 0.996269 0.000177
172 0.996202 0.000174
173 0.996268 0.000178
174 0.996193 0.000173
175 0.996203 0.000181
176 0.996209 0.000173
177 0.996223 0.000173
178 0.996246 0.000172
179 0.996271 0.000179
180 0.996139 0.000172
181 0.996155 0.000173
182 0.996041 0.000171
183 0.996244 0.000170
184 0.996103 0.000184
185 0.996114 0.000177
186 0.996223 0.000179
187 0.996217 0.000176
188 0.996277 0.000175
189 0.996227 0.000178
190 0.996095 0.000176
191 0.996148 0.000178
192 0.996162 0.000173
193 0.996038 0.000177
194 0.996192 0.000172
195 0.996126 0.000171
196 0.996042 0.000172
197 0.996152 0.000176
198 0.995950 0.000176
199 0.995971 0.000176
200 0.995979 0.000173
201 0.996024 0.000177
202 0.995949 0.000175
203 0.995951 0.000168
204 0.995894 0.000170
205 0.995964 0.000174
206 0.995914 0.000173
207 0.995863 0.000173
208 0.995895 0.000175
209 0.995919 0.000173
210 0.995949 0.000172
211 0.995940 0.000171
212 0.995938 0.000181
213 0.995809 0.000176
214 0.995959 0.000174
215 0.995918 0.000176
216 0.995842 0.000171
217 0.995852 0.000174
218 0.995768 0.000174
219 0.995866 0.000179
220 0.995807 0.000172
221 0.995787 0.000173
222 0.995849 0.000177
223 0.995939 0.000175
224 0.995752 0.000176
225 0.995755 0.000174
226 0.995729 0.000173
227 0.995858 0.000173
228 0.995816 0.000177
229 0.995774 0.000180
230 0.995660 0.000179
231 0.995734 0.000176
232 0.995792 0.000180
233 0.995670 0.000180
234 0.995727 0.000175
235 0.995625 0.000179
236 0.995752 0.000176
237 0.995559 0.000174
238 0.995662 0.000183
239 0.995609 0.000180
240 0.995592 0.000181
241 0.995676 0.000175
242 0.995669 0.000178
243 0.995660 0.000174
244 0.995646 0.000179
245 0.995636 0.000176
246 0.995561 0.000184
247 0.995495 0.000178
248 0.995483 0.000179
249 0.995542 0.000174
250 0.995561 0.000177
251 0.995471 0.000174
252 0.995511 0.000176
253 0.995523 0.000178
254 0.995497 0.000173
255 0.995544 0.000172
256 0.995367 0.000174
257 0.995450 0.000173
258 0.995527 0.000176
259 0.995414 0.000168
260 0.995424 0.000175
261 0.995435 0.000172
262 0.995440 0.000177
263 0.995358 0.000176
264 0.995471 0.000177
265 0.995330 0.000171
266 0.995395 0.000173
267 0.995393 0.000169
268 0.995254 0.000181
269 0.995326 0.000171
270 0.995362 0.000175
271 0.995384 0.000180
272 0.995328 0.000176
273 0.995278 0.000173
274 0.995244 0.000179
275 0.995169 0.000173
276 0.995294 0.000176
277 0.995120 0.000171
278 0.995186 0.000184
279 0.995207 0.000170
280 0.995222 0.000174
281 0.995190 0.000175
282 0.995189 0.000179
283 0.995174 0.000175
284 0.995206 0.000175
285 0.995185 0.000172
286 0.995156 0.000179
287 0.995215 0.000173
288 0.995076 0.000181
289 0.995042 0.000171
290 0.995114 0.000177
291 0.995119 0.000176
292 0.995083 0.000175
293 0.995024 0.000179
294 0.995085 0.000173
295 0.995154 0.000177
296 0.995034 0.000175
297 0.995087 0.000176
298 0.995006 0.000178
299 0.995007 0.000177
300 0.995061 0.000177
301 0.994947 0.000174
302 0.995122 0.000179
303 0.994873 0.000176
304 0.995014 0.000179
305 0.994971 0.000175
306 0.994946 0.000177
307 0.994942 0.000179
308 0.994959 0.000177
309 0.994973 0.000179
310 0.994998 0.000177
311 0.994903 0.000177
312 0.994964 0.000180
313 0.995019 0.000172
314 0.994997 0.000171
315 0.994907 0.000182
316 0.994842 0.000177
317 0.994813 0.000178
318 0.994846 0.000184
319 0.994852 0.000176
320 0.994830 0.000181
321 0.994748 0.000174
322 0.994828 0.000171
323 0.994861 0.000179
324 0.994834 0.000185
325 0.994753 0.000176
326 0.994753 0.000177
327 0.994709 0.000174
328 0.994718 0.000176
329 0.994795 0.000177
330 0.994673 0.000186
331 0.994721 0.000171
332 0.994746 0.000176
333 0.994714 0.000175
334 0.994621 0.000177
335 0.994620 0.000178
336 0.994740 0.000170
337 0.994737 0.000181
338 0.994693 0.000172
339 0.994722 0.000178
340 0.994635 0.000176
341 0.994574 0.000177
342 0.994624 0.000178
343 0.994752 0.000178
344 0.994632 0.000173
345 0.994543 0.000174
346 0.994516 0.000175
347 0.994568 0.000170
348 0.994636 0.000179
349 0.994515 0.000172
350 0.994540 0.000175
351 0.994522 0.000176
352 0.994557 0.000176
353 0.994554 0.000184
354 0.994629 0.000177
355 0.994583 0.000171
356 0.994456 0.000176
357 0.994492 0.000178
358 0.994554 0.000178
359 0.994353 0.000171
360 0.994519 0.000184
361 0.994427 0.000185
362 0.994463 0.000178
363 0.994480 0.000177
364 0.994397 0.000179
365 0.994321 0.000172
366 0.994536 0.000173
367 0.994405 0.000175
368 0.994440 0.000176
369 0.994377 0.000179
370 0.994356 0.000171
371 0.994395 0.000180
372 0.994323 0.000177
373 0.994333 0.000171
374 0.994175 0.000176
375 0.994357 0.000178
376 0.994306 0.000176
377 0.994295 0.000180
378 0.994204 0.000180
379 0.994240 0.000179
380 0.994256 0.000179
381 0.994181 0.000175
382 0.994193 0.000177
383 0.994210 0.000177
384 0.994081 0.000182
385 0.994125 0.000183
386 0.994279 0.000179
387 0.994189 0.000177
388 0.994280 0.000176
389 0.994148 0.000174
390 0.994032 0.000172
391 0.994059 0.000185
392 0.994169 0.000179
393 0.994132 0.000176
394 0.994040 0.000177
395 0.994138 0.000188
396 0.994056 0.000178
397 0.994142 0.000179
398 0.994075 0.000173
399 0.994053 0.000171
400 0.993984 0.000180
