   0.0000000e+00   1.3961779e-03   1.0519434e-06   1.0505744e-03   1.4393123e-03   1.4356821e-06   1.4086637e-06   1.4226979e-06   0.0000000e+00   1.0703166e-03   1.1798201e-03   1.4569506e-06   1.2414994e-03   1.2868107e-03   1.4079886e-06   1.4508709e-06   1.2441148e-06   0.0000000e+00   1.2957483e-06   1.4574159e-06   0.0000000e+00   1.4796821e-06   1.0541065e-06   0.0000000e+00   0.0000000e+00   0.0000000e+00   0.0000000e+00
   1.2902161e-03   0.0000000e+00   1.1380026e-06   1.4545234e-03   1.2488492e-03   1.3068948e-06   1.1636425e-06   1.1149427e-06   0.0000000e+00   1.3646907e-03   1.3093704e-03   1.0032718e-06   1.2661971e-03   1.3944578e-03   1.1605406e-06   1.2097764e-06   1.3354348e-06   0.0000000e+00   1.3758061e-06   1.1253739e-06   0.0000000e+00   1.3114282e-06   1.3192716e-06   0.0000000e+00   0.0000000e+00   0.0000000e+00   0.0000000e+00
   1.3184305e-06   1.2913929e-06   0.0000000e+00   1.4052613e-06   1.3528491e-06   1.4896262e-03   0.0000000e+00   0.0000000e+00   0.0000000e+00   1.2829403e-06   1.0033536e-06   1.3618830e-03   1.0433728e-06   1.4561645e-06   1.2547702e-03   0.0000000e+00   0.0000000e+00   0.0000000e+00   0.0000000e+00   0.0000000e+00   0.0000000e+00   0.0000000e+00   0.0000000e+00   0.0000000e+00   0.0000000e+00   0.0000000e+00   0.0000000e+00
   1.0758662e-03   1.4635888e-03   1.1520361e-06   0.0000000e+00   1.1815220e-03   1.0198355e-06   1.1888382e-06   1.4016748e-06   0.0000000e+00   1.2931121e-03   1.1180901e-03   1.1207487e-06   1.0724315e-03   1.1923420e-03   1.3988672e-06   1.0384470e-06   1.0876897e-06   0.0000000e+00   1.4502964e-06   1.3976532e-06   0.0000000e+00   1.3851130e-06   1.1801939e-06   0.0000000e+00   0.0000000e+00   0.0000000e+00   0.0000000e+00
   1.2259448e-03   1.4793498e-03   1.4764278e-06   1.2800906e-03   0.0000000e+00   1.4690587e-06   1.3444292e-06   1.2894637e-06   0.0000000e+00   1.3071063e-03   1.3376842e-03   1.2984668e-06   1.1823943e-03   1.2668173e-03   1.0702329e-06   1.1397080e-06   1.0532311e-06   0.0000000e+00   1.1467781e-06   1.0871781e-06   0.0000000e+00   1.0626706e-06   1.3283851e-06   0.0000000e+00   0.0000000e+00   0.0000000e+00   0.0000000e+00
   1.2002543e-06   1.4495184e-06   1.4969285e-03   1.4247536e-06   1.3049235e-06   0.0000000e+00   0.0000000e+00   0.0000000e+00   0.0000000e+00   1.3922876e-06   1.4575899e-06   1.3297004e-03   1.2651343e-06   1.0445702e-06   1.2584200e-03   0.0000000e+00   0.0000000e+00   0.0000000e+00   0.0000000e+00   0.0000000e+00   0.0000000e+00   0.0000000e+00   0.0000000e+00   0.0000000e+00   0.0000000e+00   0.0000000e+00   0.0000000e+00
   1.3264198e-06   1.0048184e-06   0.0000000e+00   1.1761254e-06   1.1710101e-06   0.0000000e+00   0.0000000e+00   1.2296811e-03   0.0000000e+00   1.4189155e-06   1.3469364e-06   0.0000000e+00   1.0969416e-06   1.3991543e-06   0.0000000e+00   1.4235365e-03   1.2184766e-03   0.0000000e+00   0.0000000e+00   0.0000000e+00   0.0000000e+00   0.0000000e+00   0.0000000e+00   0.0000000e+00   0.0000000e+00   0.0000000e+00   0.0000000e+00
   1.3010580e-06   1.3743270e-06   0.0000000e+00   1.4151095e-06   1.3454706e-06   0.0000000e+00   1.0984875e-03   0.0000000e+00   0.0000000e+00   1.4470603e-06   1.2039694e-06   0.0000000e+00   1.2239139e-06   1.0350397e-06   0.0000000e+00   1.2656360e-03   1.0013995e-03   0.0000000e+00   0.0000000e+00   0.0000000e+00   0.0000000e+00   0.0000000e+00   0.0000000e+00   0.0000000e+00   0.0000000e+00   0.0000000e+00   0.0000000e+00
   0.0000000e+00   0.0000000e+00   0.0000000e+00   0.0000000e+00   0.0000000e+00   0.0000000e+00   0.0000000e+00   0.0000000e+00   0.0000000e+00   0.0000000e+00   0.0000000e+00   0.0000000e+00   0.0000000e+00   0.0000000e+00   0.0000000e+00   0.0000000e+00   0.0000000e+00   0.0000000e+00   0.0000000e+00   0.0000000e+00   0.0000000e+00   0.0000000e+00   0.0000000e+00   0.0000000e+00   0.0000000e+00   0.0000000e+00   0.0000000e+00
   1.2737874e-03   1.3227947e-03   1.1453267e-06   1.4624404e-03   1.4967638e-03   1.0828835e-06   1.1225335e-06   1.4533541e-06   0.0000000e+00   0.0000000e+00   1.0841057e-03   1.3263932e-06   1.1707234e-03   1.4588223e-03   1.2285151e-06   1.2119494e-06   1.3526882e-06   0.0000000e+00   1.1993338e-06   1.3778527e-06   0.0000000e+00   1.3090047e-06   1.4169781e-06   0.0000000e+00   0.0000000e+00   0.0000000e+00   0.0000000e+00
   1.4542989e-03   1.2791210e-03   1.2941745e-06   1.1659542e-03   1.4322008e-03   1.2197810e-06   1.2931503e-06   1.3167098e-06   0.0000000e+00   1.2639223e-03   0.0000000e+00   1.0696419e-06   1.0026793e-03   1.0662267e-03   1.1060033e-06   1.2672108e-06   1.0306533e-06   0.0000000e+00   1.0788602e-06   1.3011544e-06   0.0000000e+00   1.3724130e-06   1.4480943e-06   0.0000000e+00   0.0000000e+00   0.0000000e+00   0.0000000e+00
   1.3713996e-06   1.2205046e-06   1.3050479e-03   1.4968135e-06   1.1012251e-06   1.2357974e-03   0.0000000e+00   0.0000000e+00   0.0000000e+00   1.2874432e-06   1.4139072e-06   0.0000000e+00   1.2831674e-06   1.3308330e-06   1.4919720e-03   0.0000000e+00   0.0000000e+00   0.0000000e+00   0.0000000e+00   0.0000000e+00   0.0000000e+00   0.0000000e+00   0.0000000e+00   0.0000000e+00   0.0000000e+00   0.0000000e+00   0.0000000e+00
   1.1216577e-03   1.3773958e-03   1.2765386e-06   1.2064339e-03   1.4011386e-03   1.3660456e-06   1.3529255e-06   1.1217805e-06   0.0000000e+00   1.2849530e-03   1.2496599e-03   1.2390173e-06   0.0000000e+00   1.0963843e-03   1.2050965e-06   1.2689354e-06   1.4082762e-06   0.0000000e+00   1.4133865e-06   1.3362339e-06   0.0000000e+00   1.4455235e-06   1.1929958e-06   0.0000000e+00   0.0000000e+00   0.0000000e+00   0.0000000e+00
   1.4334217e-03   1.4689195e-03   1.0177584e-06   1.4103896e-03   1.3169894e-03   1.4932773e-06   1.4524964e-06   1.1213002e-06   0.0000000e+00   1.3551509e-03   1.1195812e-03   1.4272992e-06   1.4356468e-03   0.0000000e+00   1.3233287e-06   1.2690624e-06   1.3099429e-06   0.0000000e+00   1.1008606e-06   1.0081844e-06   0.0000000e+00   1.0315486e-06   1.0834386e-06   0.0000000e+00   0.0000000e+00   0.0000000e+00   0.0000000e+00
   1.3917171e-06   1.0034179e-06   1.4368817e-03   1.4069901e-06   1.4773204e-06   1.3993234e-03   0.0000000e+00   0.0000000e+00   0.0000000e+00   1.2799954e-06   1.3990873e-06   1.3579323e-03   1.3940402e-06   1.2854940e-06   0.0000000e+00   0.0000000e+00   0.0000000e+00   0.0000000e+00   0.0000000e+00   0.0000000e+00   0.0000000e+00   0.0000000e+00   0.0000000e+00   0.0000000e+00   0.0000000e+00   0.0000000e+00   0.0000000e+00
   1.0412121e-06   1.4143649e-06   0.0000000e+00   1.4652425e-06   1.1892349e-06   0.0000000e+00   1.2845241e-03   1.2636473e-03   0.0000000e+00   1.4247940e-06   1.3067867e-06   0.0000000e+00   1.4337605e-06   1.2190561e-06   0.0000000e+00   0.0000000e+00   1.4717133e-03   0.0000000e+00   0.0000000e+00   0.0000000e+00   0.0000000e+00   0.0000000e+00   0.0000000e+00   0.0000000e+00   0.0000000e+00   0.0000000e+00   0.0000000e+00
   1.2536963e-06   1.0339188e-06   0.0000000e+00   1.3664434e-06   1.0662681e-06   0.0000000e+00   1.4488727e-03   1.0869402e-03   0.0000000e+00   1.2919684e-06   1.2984917e-06   0.0000000e+00   1.0051219e-06   1.3781799e-06   0.0000000e+00   1.2230603e-03   0.0000000e+00   0.0000000e+00   0.0000000e+00   0.0000000e+00   0.0000000e+00   0.0000000e+00   0.0000000e+00   0.0000000e+00   0.0000000e+00   0.0000000e+00   0.0000000e+00
   0.0000000e+00   0.0000000e+00   0.0000000e+00   0.0000000e+00   0.0000000e+00   0.0000000e+00   0.0000000e+00   0.0000000e+00   0.0000000e+00   0.0000000e+00   0.0000000e+00   0.0000000e+00   0.0000000e+00   0.0000000e+00   0.0000000e+00   0.0000000e+00   0.0000000e+00   0.0000000e+00   0.0000000e+00   0.0000000e+00   0.0000000e+00   0.0000000e+00   0.0000000e+00   0.0000000e+00   0.0000000e+00   0.0000000e+00   0.0000000e+00
   1.4765859e-06   1.1599050e-06   0.0000000e+00   1.1045991e-06   1.0773172e-06   0.0000000e+00   0.0000000e+00   0.0000000e+00   0.0000000e+00   1.3691052e-06   1.1343358e-06   0.0000000e+00   1.3756970e-06   1.4359295e-06   0.0000000e+00   0.0000000e+00   0.0000000e+00   0.0000000e+00   0.0000000e+00   1.4066655e-03   0.0000000e+00   1.4320616e-03   1.4189644e-03   0.0000000e+00   0.0000000e+00   0.0000000e+00   0.0000000e+00
   1.0866160e-06   1.0436540e-06   0.0000000e+00   1.0906619e-06   1.0726297e-06   0.0000000e+00   0.0000000e+00   0.0000000e+00   0.0000000e+00   1.1803970e-06   1.0759385e-06   0.0000000e+00   1.2145884e-06   1.3093739e-06   0.0000000e+00   0.0000000e+00   0.0000000e+00   0.0000000e+00   1.1377144e-03   0.0000000e+00   0.0000000e+00   1.4368566e-03   1.0157771e-03   0.0000000e+00   0.0000000e+00   0.0000000e+00   0.0000000e+00
   0.0000000e+00   0.0000000e+00   0.0000000e+00   0.0000000e+00   0.0000000e+00   0.0000000e+00   0.0000000e+00   0.0000000e+00   0.0000000e+00   0.0000000e+00   0.0000000e+00   0.0000000e+00   0.0000000e+00   0.0000000e+00   0.0000000e+00   0.0000000e+00   0.0000000e+00   0.0000000e+00   0.0000000e+00   0.0000000e+00   0.0000000e+00   0.0000000e+00   0.0000000e+00   0.0000000e+00   0.0000000e+00   0.0000000e+00   0.0000000e+00
   1.1581872e-06   1.4963868e-06   0.0000000e+00   1.2898974e-06   1.1186422e-06   0.0000000e+00   0.0000000e+00   0.0000000e+00   0.0000000e+00   1.4943042e-06   1.0962957e-06   0.0000000e+00   1.1394361e-06   1.3897454e-06   0.0000000e+00   0.0000000e+00   0.0000000e+00   0.0000000e+00   1.4295310e-03   1.2624685e-03   0.0000000e+00   0.0000000e+00   1.2453547e-03   0.0000000e+00   0.0000000e+00   0.0000000e+00   0.0000000e+00
   1.2844494e-06   1.4316902e-06   0.0000000e+00   1.4638459e-06   1.1329957e-06   0.0000000e+00   0.0000000e+00   0.0000000e+00   0.0000000e+00   1.1477868e-06   1.0351988e-06   0.0000000e+00   1.4927515e-06   1.1560599e-06   0.0000000e+00   0.0000000e+00   0.0000000e+00   0.0000000e+00   1.1818949e-03   1.0205245e-03   0.0000000e+00   1.3683920e-03   0.0000000e+00   0.0000000e+00   0.0000000e+00   0.0000000e+00   0.0000000e+00
   0.0000000e+00   0.0000000e+00   0.0000000e+00   0.0000000e+00   0.0000000e+00   0.0000000e+00   0.0000000e+00   0.0000000e+00   0.0000000e+00   0.0000000e+00   0.0000000e+00   0.0000000e+00   0.0000000e+00   0.0000000e+00   0.0000000e+00   0.0000000e+00   0.0000000e+00   0.0000000e+00   0.0000000e+00   0.0000000e+00   0.0000000e+00   0.0000000e+00   0.0000000e+00   0.0000000e+00   0.0000000e+00   0.0000000e+00   0.0000000e+00
   0.0000000e+00   0.0000000e+00   0.0000000e+00   0.0000000e+00   0.0000000e+00   0.0000000e+00   0.0000000e+00   0.0000000e+00   0.0000000e+00   0.0000000e+00   0.0000000e+00   0.0000000e+00   0.0000000e+00   0.0000000e+00   0.0000000e+00   0.0000000e+00   0.0000000e+00   0.0000000e+00   0.0000000e+00   0.0000000e+00   0.0000000e+00   0.0000000e+00   0.0000000e+00   0.0000000e+00   0.0000000e+00   0.0000000e+00   0.0000000e+00
   0.0000000e+00   0.0000000e+00   0.0000000e+00   0.0000000e+00   0.0000000e+00   0.0000000e+00   0.0000000e+00   0.0000000e+00   0.0000000e+00   0.0000000e+00   0.0000000e+00   0.0000000e+00   0.0000000e+00   0.0000000e+00   0.0000000e+00   0.0000000e+00   0.0000000e+00   0.0000000e+00   0.0000000e+00   0.0000000e+00   0.0000000e+00   0.0000000e+00   0.0000000e+00   0.0000000e+00   0.0000000e+00   0.0000000e+00   0.0000000e+00
   0.0000000e+00   0.0000000e+00   0.0000000e+00   0.0000000e+00   0.0000000e+00   0.0000000e+00   0.0000000e+00   0.0000000e+00   0.0000000e+00   0.0000000e+00   0.0000000e+00   0.0000000e+00   0.0000000e+00   0.0000000e+00   0.0000000e+00   0.0000000e+00   0.0000000e+00   0.0000000e+00   0.0000000e+00   0.0000000e+00   0.0000000e+00   0.0000000e+00   0.0000000e+00   0.0000000e+00   0.0000000e+00   0.0000000e+00   0.0000000e+00
