   0.0000000e+00   1.3054006e-03   1.4447051e-06   1.0320458e-03   1.0164637e-03   1.0112437e-06   1.2495240e-06   1.2416450e-06   0.0000000e+00   1.4352610e-03   1.3715912e-03   1.0384685e-06   1.2897779e-03   1.1573789e-03   1.2763790e-06   1.4438627e-06   1.0891056e-06   0.0000000e+00   1.4492666e-06   1.2487011e-06   0.0000000e+00   1.3716948e-06   1.1555184e-06   0.0000000e+00   0.0000000e+00   0.0000000e+00   0.0000000e+00
   1.1380814e-03   0.0000000e+00   1.3611330e-06   1.1721611e-03   1.3665045e-03   1.0360612e-06   1.2381000e-06   1.2193408e-06   0.0000000e+00   1.0217568e-03   1.2084927e-03   1.3751881e-06   1.1498687e-03   1.0473742e-03   1.3431879e-06   1.2923444e-06   1.0532758e-06   0.0000000e+00   1.3045794e-06   1.1320861e-06   0.0000000e+00   1.3542721e-06   1.1164854e-06   0.0000000e+00   0.0000000e+00   0.0000000e+00   0.0000000e+00
   1.3711913e-06   1.2271058e-06   0.0000000e+00   1.3481170e-06   1.2421009e-06   1.3580854e-03   0.0000000e+00   0.0000000e+00   0.0000000e+00   1.1498282e-06   1.1620939e-06   1.2303248e-03   1.0049808e-06   1.0068262e-06   1.2691206e-03   0.0000000e+00   0.0000000e+00   0.0000000e+00   0.0000000e+00   0.0000000e+00   0.0000000e+00   0.0000000e+00   0.0000000e+00   0.0000000e+00   0.0000000e+00   0.0000000e+00   0.0000000e+00
   1.3379018e-03   1.3577777e-03   1.4592758e-06   0.0000000e+00   1.3706928e-03   1.0272552e-06   1.2010475e-06   1.0325138e-06   0.0000000e+00   1.3763944e-03   1.2694001e-03   1.4444266e-06   1.3000061e-03   1.2098910e-03   1.0141115e-06   1.1802584e-06   1.2801465e-06   0.0000000e+00   1.1331032e-06   1.2066983e-06   0.0000000e+00   1.0016537e-06   1.4525171e-06   0.0000000e+00   0.0000000e+00   0.0000000e+00   0.0000000e+00
   1.1167581e-03   1.1075594e-03   1.2744422e-06   1.4316682e-03   0.0000000e+00   1.4922635e-06   1.1724769e-06   1.1111981e-06   0.0000000e+00   1.1720892e-03   1.1809120e-03   1.2400209e-06   1.1066784e-03   1.1287595e-03   1.2753266e-06   1.3879070e-06   1.1464255e-06   0.0000000e+00   1.0629909e-06   1.2792329e-06   0.0000000e+00   1.4791525e-06   1.4206740e-06   0.0000000e+00   0.0000000e+00   0.0000000e+00   0.0000000e+00
   1.0236656e-06   1.2581980e-06   1.0758445e-03   1.1636952e-06   1.1108678e-06   0.0000000e+00   0.0000000e+00   0.0000000e+00   0.0000000e+00   1.3304416e-06   1.3313662e-06   1.3179987e-03   1.2635465e-06   1.1713839e-06   1.4043230e-03   0.0000000e+00   0.0000000e+00   0.0000000e+00   0.0000000e+00   0.0000000e+00   0.0000000e+00   0.0000000e+00   0.0000000e+00   0.0000000e+00   0.0000000e+00   0.0000000e+00   0.0000000e+00
   1.3591854e-06   1.0127933e-06   0.0000000e+00   1.2123548e-06   1.4940243e-06   0.0000000e+00   0.0000000e+00   1.4853217e-03   0.0000000e+00   1.0105031e-06   1.0775378e-06   0.0000000e+00   1.4817342e-06   1.3761136e-06   0.0000000e+00   1.1379610e-03   1.2588966e-03   0.0000000e+00   0.0000000e+00   0.0000000e+00   0.0000000e+00   0.0000000e+00   0.0000000e+00   0.0000000e+00   0.0000000e+00   0.0000000e+00   0.0000000e+00
   1.4971736e-06   1.3546128e-06   0.0000000e+00   1.3443659e-06   1.1587703e-06   0.0000000e+00   1.0207511e-03   0.0000000e+00   0.0000000e+00   1.0600430e-06   1.2552509e-06   0.0000000e+00   1.2872208e-06   1.3419690e-06   0.0000000e+00   1.4079474e-03   1.4360841e-03   0.0000000e+00   0.0000000e+00   0.0000000e+00   0.0000000e+00   0.0000000e+00   0.0000000e+00   0.0000000e+00   0.0000000e+00   0.0000000e+00   0.0000000e+00
   0.0000000e+00   0.0000000e+00   0.0000000e+00   0.0000000e+00   0.0000000e+00   0.0000000e+00   0.0000000e+00   0.0000000e+00   0.0000000e+00   0.0000000e+00   0.0000000e+00   0.0000000e+00   0.0000000e+00   0.0000000e+00   0.0000000e+00   0.0000000e+00   0.0000000e+00   0.0000000e+00   0.0000000e+00   0.0000000e+00   0.0000000e+00   0.0000000e+00   0.0000000e+00   0.0000000e+00   0.0000000e+00   0.0000000e+00   0.0000000e+00
   1.1337606e-03   1.2082683e-03   1.2686675e-06   1.1856095e-03   1.4869148e-03   1.1236188e-06   1.1910775e-06   1.2403978e-06   0.0000000e+00   0.0000000e+00   1.1525925e-03   1.1645200e-06   1.1538073e-03   1.0005950e-03   1.1641167e-06   1.1953377e-06   1.3619116e-06   0.0000000e+00   1.0176360e-06   1.3254250e-06   0.0000000e+00   1.3568426e-06   1.1568077e-06   0.0000000e+00   0.0000000e+00   0.0000000e+00   0.0000000e+00
   1.0827022e-03   1.4816419e-03   1.4118340e-06   1.3260180e-03   1.4699487e-03   1.0583659e-06   1.4248067e-06   1.3489495e-06   0.0000000e+00   1.0438324e-03   0.0000000e+00   1.0155446e-06   1.2637567e-03   1.2536221e-03   1.0930238e-06   1.3833567e-06   1.2413151e-06   0.0000000e+00   1.1057892e-06   1.2849102e-06   0.0000000e+00   1.4038110e-06   1.1073517e-06   0.0000000e+00   0.0000000e+00   0.0000000e+00   0.0000000e+00
   1.0972180e-06   1.3080372e-06   1.2826903e-03   1.1011974e-06   1.0270129e-06   1.2443760e-03   0.0000000e+00   0.0000000e+00   0.0000000e+00   1.2741153e-06   1.1848429e-06   0.0000000e+00   1.2780311e-06   1.3670306e-06   1.4159314e-03   0.0000000e+00   0.0000000e+00   0.0000000e+00   0.0000000e+00   0.0000000e+00   0.0000000e+00   0.0000000e+00   0.0000000e+00   0.0000000e+00   0.0000000e+00   0.0000000e+00   0.0000000e+00
   1.4031278e-03   1.1108477e-03   1.4317332e-06   1.4607193e-03   1.0227206e-03   1.1672201e-06   1.2084667e-06   1.4545452e-06   0.0000000e+00   1.4126768e-03   1.3627845e-03   1.4567446e-06   0.0000000e+00   1.0591503e-03   1.1052487e-06   1.0322187e-06   1.0992088e-06   0.0000000e+00   1.1916686e-06   1.3325859e-06   0.0000000e+00   1.2519045e-06   1.3482659e-06   0.0000000e+00   0.0000000e+00   0.0000000e+00   0.0000000e+00
   1.3516323e-03   1.4610501e-03   1.3520357e-06   1.2299261e-03   1.1264987e-03   1.4068053e-06   1.1843131e-06   1.0143141e-06   0.0000000e+00   1.2841299e-03   1.0176067e-03   1.2536408e-06   1.2143080e-03   0.0000000e+00   1.4496224e-06   1.2524518e-06   1.1957276e-06   0.0000000e+00   1.2803473e-06   1.3450850e-06   0.0000000e+00   1.1339198e-06   1.3551634e-06   0.0000000e+00   0.0000000e+00   0.0000000e+00   0.0000000e+00
   1.1815469e-06   1.4032258e-06   1.2256837e-03   1.4468380e-06   1.4244922e-06   1.2064021e-03   0.0000000e+00   0.0000000e+00   0.0000000e+00   1.3102176e-06   1.0234531e-06   1.1745862e-03   1.3981105e-06   1.2747819e-06   0.0000000e+00   0.0000000e+00   0.0000000e+00   0.0000000e+00   0.0000000e+00   0.0000000e+00   0.0000000e+00   0.0000000e+00   0.0000000e+00   0.0000000e+00   0.0000000e+00   0.0000000e+00   0.0000000e+00
   1.4559781e-06   1.1321984e-06   0.0000000e+00   1.0267209e-06   1.0392808e-06   0.0000000e+00   1.4284321e-03   1.4577985e-03   0.0000000e+00   1.2076241e-06   1.1511495e-06   0.0000000e+00   1.2596108e-06   1.3882789e-06   0.0000000e+00   0.0000000e+00   1.3321317e-03   0.0000000e+00   0.0000000e+00   0.0000000e+00   0.0000000e+00   0.0000000e+00   0.0000000e+00   0.0000000e+00   0.0000000e+00   0.0000000e+00   0.0000000e+00
   1.1844030e-06   1.2098613e-06   0.0000000e+00   1.3774692e-06   1.2427092e-06   0.0000000e+00   1.1590091e-03   1.0970040e-03   0.0000000e+00   1.3531877e-06   1.4898735e-06   0.0000000e+00   1.2322629e-06   1.1338605e-06   0.0000000e+00   1.2309182e-03   0.0000000e+00   0.0000000e+00   0.0000000e+00   0.0000000e+00   0.0000000e+00   0.0000000e+00   0.0000000e+00   0.0000000e+00   0.0000000e+00   0.0000000e+00   0.0000000e+00
   0.0000000e+00   0.0000000e+00   0.0000000e+00   0.0000000e+00   0.0000000e+00   0.0000000e+00   0.0000000e+00   0.0000000e+00   0.0000000e+00   0.0000000e+00   0.0000000e+00   0.0000000e+00   0.0000000e+00   0.0000000e+00   0.0000000e+00   0.0000000e+00   0.0000000e+00   0.0000000e+00   0.0000000e+00   0.0000000e+00   0.0000000e+00   0.0000000e+00   0.0000000e+00   0.0000000e+00   0.0000000e+00   0.0000000e+00   0.0000000e+00
   1.4418210e-06   1.0677428e-06   0.0000000e+00   1.0212505e-06   1.3487988e-06   0.0000000e+00   0.0000000e+00   0.0000000e+00   0.0000000e+00   1.3470633e-06   1.0520040e-06   0.0000000e+00   1.4780943e-06   1.0465701e-06   0.0000000e+00   0.0000000e+00   0.0000000e+00   0.0000000e+00   0.0000000e+00   1.4425855e-03   0.0000000e+00   1.1509885e-03   1.2284707e-03   0.0000000e+00   0.0000000e+00   0.0000000e+00   0.0000000e+00
   1.0709493e-06   1.3616770e-06   0.0000000e+00   1.4907158e-06   1.4172091e-06   0.0000000e+00   0.0000000e+00   0.0000000e+00   0.0000000e+00   1.0728350e-06   1.2347317e-06   0.0000000e+00   1.0874074e-06   1.3399440e-06   0.0000000e+00   0.0000000e+00   0.0000000e+00   0.0000000e+00   1.1663538e-03   0.0000000e+00   0.0000000e+00   1.2972224e-03   1.0599885e-03   0.0000000e+00   0.0000000e+00   0.0000000e+00   0.0000000e+00
   0.0000000e+00   0.0000000e+00   0.0000000e+00   0.0000000e+00   0.0000000e+00   0.0000000e+00   0.0000000e+00   0.0000000e+00   0.0000000e+00   0.0000000e+00   0.0000000e+00   0.0000000e+00   0.0000000e+00   0.0000000e+00   0.0000000e+00   0.0000000e+00   0.0000000e+00   0.0000000e+00   0.0000000e+00   0.0000000e+00   0.0000000e+00   0.0000000e+00   0.0000000e+00   0.0000000e+00   0.0000000e+00   0.0000000e+00   0.0000000e+00
   1.0850214e-06   1.2482652e-06   0.0000000e+00   1.3259688e-06   1.3664345e-06   0.0000000e+00   0.0000000e+00   0.0000000e+00   0.0000000e+00   1.4739113e-06   1.4712825e-06   0.0000000e+00   1.1048797e-06   1.2374336e-06   0.0000000e+00   0.0000000e+00   0.0000000e+00   0.0000000e+00   1.4565217e-03   1.4309660e-03   0.0000000e+00   0.0000000e+00   1.4304184e-03   0.0000000e+00   0.0000000e+00   0.0000000e+00   0.0000000e+00
   1.0440715e-06   1.2937389e-06   0.0000000e+00   1.0184985e-06   1.3147832e-06   0.0000000e+00   0.0000000e+00   0.0000000e+00   0.0000000e+00   1.3818197e-06   1.3663166e-06   0.0000000e+00   1.3501112e-06   1.2790883e-06   0.0000000e+00   0.0000000e+00   0.0000000e+00   0.0000000e+00   1.1649226e-03   1.3753843e-03   0.0000000e+00   1.3864776e-03   0.0000000e+00   0.0000000e+00   0.0000000e+00   0.0000000e+00   0.0000000e+00
   0.0000000e+00   0.0000000e+00   0.0000000e+00   0.0000000e+00   0.0000000e+00   0.0000000e+00   0.0000000e+00   0.0000000e+00   0.0000000e+00   0.0000000e+00   0.0000000e+00   0.0000000e+00   0.0000000e+00   0.0000000e+00   0.0000000e+00   0.0000000e+00   0.0000000e+00   0.0000000e+00   0.0000000e+00   0.0000000e+00   0.0000000e+00   0.0000000e+00   0.0000000e+00   0.0000000e+00   0.0000000e+00   0.0000000e+00   0.0000000e+00
   0.0000000e+00   0.0000000e+00   0.0000000e+00   0.0000000e+00   0.0000000e+00   0.0000000e+00   0.0000000e+00   0.0000000e+00   0.0000000e+00   0.0000000e+00   0.0000000e+00   0.0000000e+00   0.0000000e+00   0.0000000e+00   0.0000000e+00   0.0000000e+00   0.0000000e+00   0.0000000e+00   0.0000000e+00   0.0000000e+00   0.0000000e+00   0.0000000e+00   0.0000000e+00   0.0000000e+00   0.0000000e+00   0.0000000e+00   0.0000000e+00
   0.0000000e+00   0.0000000e+00   0.0000000e+00   0.0000000e+00   0.0000000e+00   0.0000000e+00   0.0000000e+00   0.0000000e+00   0.0000000e+00   0.0000000e+00   0.0000000e+00   0.0000000e+00   0.0000000e+00   0.0000000e+00   0.0000000e+00   0.0000000e+00   0.0000000e+00   0.0000000e+00   0.0000000e+00   0.0000000e+00   0.0000000e+00   0.0000000e+00   0.0000000e+00   0.0000000e+00   0.0000000e+00   0.0000000e+00   0.0000000e+00
   0.0000000e+00   0.0000000e+00   0.0000000e+00   0.0000000e+00   0.0000000e+00   0.0000000e+00   0.0000000e+00   0.0000000e+00   0.0000000e+00   0.0000000e+00   0.0000000e+00   0.0000000e+00   0.0000000e+00   0.0000000e+00   0.0000000e+00   0.0000000e+00   0.0000000e+00   0.0000000e+00   0.0000000e+00   0.0000000e+00   0.0000000e+00   0.0000000e+00   0.0000000e+00   0.0000000e+00   0.0000000e+00   0.0000000e+00   0.0000000e+00
